
2.38694804529930326709 
4.69082233360167233371 
13.58196847223760173051 
16.97874598101740417633 
16.11610855328597224911 
16.19556510639667834539 
17.28162310130625201054 
12.61695090489687132163 
21.46391356359896462891 
8.01153202388982776938 
7.27993496503422665711 
8.00309107881578185584 
5.61309322552993261723 
11.39906896238145428413 
4.82239575449746737945 
3.73936912861270576158 
6.47968985567240807200 
3.95036021935571257657 
3.33751718403500863275 
3.04598785705502672627 
3.84065177388937462055 
4.41315224993211163707 
3.08177821315188804618 
3.31232386699867920044 
2.65297452194528871061 
2.23844658479980607169 
2.67805568744487754174 
2.85592969561356069264 
2.92418928743824180216 
2.99693921248602368479 
2.56967254629812780209 
2.37167732504032136021 
2.51581454837203333241 
2.42749910266888013766 
2.39139450909005146784 
2.41896708314788577709 
2.33623831780952029291 
2.49299813590127783414 
2.32524318593064727168 
2.44835357306719370030 
2.38811383865544879512 
2.42994392085551602634 
2.39512641535925840941 
2.33665346567669951483 
2.30302401441988546793 
2.28954935002235782093 
2.36576853579427748286 
2.33772199529089430570 
2.40362470991968679712 
2.30988732826251519370 
2.30723883791543205035 
2.33141734042412585026 
2.29957144060418050557 
2.32581835990642193934 
2.28834699393167317893 
2.31376626235949078847 
2.28960146701952060866 
2.33169952817001213674 
2.29367111897493813899 
2.34916891722790888153 
2.27818312835971692465 
2.31978837177966168426 
2.29998511231105373653 
2.31916859822503473865 
2.31200811461135291580 
2.29164102041214512440 
2.30983343888357728346 
2.30002620882517261336 
2.28798411290830117082 
2.29467763509696665025 
2.32763726465059495041 
2.29557571488771117174 
2.28476097151694990117 
2.30624320636333024481 
2.32829290260300858506 
2.30253516261198765136 
2.28348439829699145776 
2.32810615595343683992 
2.27384133335839733192 
2.28807543724858319933 
2.30482004872462953315 
2.27717175849762965001 
2.28739119663937495730 
2.28855292539667276586 
2.30686876748897873313 
2.32774431517773638944 
2.30563575326200798088 
2.30617558241736553271 
2.29893142250224524759 
2.27386859185727940869 
2.29319485722690075136 
2.31567557655625888557 
2.29685639395872520652 
2.29828981505086993309 
2.29514866744836831813 
2.33124378200824988738 
2.32991369004674764298 
2.30972832489812684997 
2.28532235415012996427 
2.30728463600238598019 
2.30276411403087966079 
2.31906560721518228974 
2.29722022055607455471 
2.28478073271689252621 
2.30101845397106075097 
2.30435152468114923252 
2.26809821008232015416 
2.30288749755157251542 
2.30585449891970117875 
2.29357144462875695012 
2.28374971418061889494 
2.30366299943644703418 
2.28864142326859409948 
2.30257161858012526778 
2.27577611404837920617 
2.28200756101006030363 
2.31374592419483660066 
2.32069648058222988141 
2.26284528648134042328 
2.32390398425261190951 
2.30779650352289689152 
2.33128727448644079701 
2.28518031603734739221 
2.29434483111910569875 
2.28722376765261614651 
2.30973189800040312747 
2.32323346976475120229 
2.31757699776426528970 
2.28213528786636787871 
2.30375101581213170832 
2.33299260198131452881 
2.27155195460184966549 
2.28559406575705414966 
2.30733046597538660194 
2.28516758524340390935 
2.30784757511267901720 
2.30289228467408113588 
2.29913858379231106355 
2.26315465107518587473 
2.31195022574412867300 
2.29276779665035368438 
2.31445075371140607245 
2.28282798227484029496 
2.30495429733006851336 
2.30134820070298129480 
2.32307142346150286016 
2.29881787015577732092 
2.31784493312416950417 
2.29510765806409233747 
2.30673510816577653770 
2.31580449130981147476 
2.30427596470879292312 
2.29851490408016578826 
2.30324925264770419275 
2.31322778828521657957 
2.33371408488838616435 
2.26367375665664427586 
2.30046619516707107067 
2.29805011091700839287 
2.32294072149480346212 
2.28522442585462304265 
2.29655060343542549717 
2.29419529138177802352 
2.29093355532198339475 
2.31581179468223830042 
2.27853743098959693469 
2.28534552408892732700 
2.27168792131201424667 
2.31527805314127377301 
2.30584463840832842862 
2.28699867485605512485 
2.28523481707552322817 
2.31057073235691090574 
2.28192415332621623136 
2.33896615687853026699 
2.31146091474221115902 
2.35021163893588180827 
2.28717024602934104749 
2.31997124410860422472 
2.30095036933647367761 
2.26521645808789306997 
2.26258052800594988696 
2.29323513458743244442 
2.32848750314798236261 
2.27713260957927765560 
2.31652140441761789091 
2.31582690735304685958 
2.28432963093782870345 
2.30017557701807895398 
2.27771194316794822754 
2.31973542104553942522 
2.28115016314355179006 
2.29289767834117697021 
2.32074966760605683191 
2.28742684095478576722 
2.27797242063037286286 
2.29594385580721160878 
2.29351800281128781478 
2.34317308651771538663 
2.28847238430667632159 
2.30078524676391671377 
2.31466617139988262153 
2.28055625750926971307 
2.29966801799714737342 
2.30025186834241512912 
2.28926194073029121157 
2.29395590640825108864 
2.28569773013073884727 
2.30809257982837490175 
2.32918917956001925162 
2.28585799323875038525 
2.32953620400996008755 
2.28053477895644540752 
2.29516082354676020927 
2.30557737080831692822 
2.31923680910299534474 
2.27380064120230329650 
2.26561346274707986481 
2.27054041618983992734 
2.34253808689983467062 
2.29739759018487621489 
2.29937152403672939727 
2.29409752042593906296 
2.28162909804003888325 
2.26744187048029566256 
2.28215681918805568529 
2.26526565793709000474 
2.31449165262308609314 
2.31084520882010169274 
2.29319186574398958811 
2.27468999339631317014 
2.31657278026277380079 
2.25217421358765390593 
2.32412039532734349123 
2.30523401081357981468 
2.31281959810197035310 
2.32943694235072040755 
2.27302888685615966935 
2.29289772830454152697 
2.29057331336367742125 
2.29330537342519669153 
2.29464835753259999152 
2.29693451946125382079 
2.30124206206266235242 
2.26189799101932020875 
2.28576273366462023873 
2.34696082636387037823 
2.31622257106281947969 
2.30876426132024548110 
2.28544681972592567121 
2.26034100323591147230 
2.28404723991963409802 
2.27902637946189168261 
2.31218082588433970770 
2.33197757119961135430 
2.33322250401126796149 
2.31203700831505409852 
2.29653881192879216755 
2.28454307285843016828 
2.28577590898241211903 
2.27482060580170530883 
2.28855551952777203084 
2.29469735304639987916 
2.28687743523655084843 
2.30101745767651877372 
2.30204728994775731366 
2.28862976684710783815 
2.28234523380299059170 
2.29572793483231896161 
2.29884635124480229962 
2.32013391580415984095 
2.28437628578325258033 
2.26116391987095211036 
2.33513058287382246903 
2.27502802120947622555 
2.27353180307792346326 
2.29310665300625471374 
2.26703825398212188702 
2.24739724369575055718 
2.31254154773611420026 
2.29973935860134481857 
2.26464178225946577427 
2.33155571717887832861 
2.28308377636710968517 
2.31317876480859885291 
2.24907742232537888327 
2.26460289704925754606 
2.30381051896760347120 
2.33661939024701581502 
2.27278529104405047079 
2.29310671360819373632 
2.30642917734693631004 
2.28422453432230820880 
2.28661641319770403413 
2.31954515709179842631 
2.30573414959470879282 
2.27944071401516135111 
2.25316653710532976973 
2.28390820756166235128 
2.30211089832366466723 
2.30773392696125290158 
2.27536934699045367836 
2.25896334676526677754 
2.28233102637107299060 
2.29092312879466231124 
2.26135955521640941157 
2.29274640044424948826 
2.27522623548957581008 
2.32044460618117653894 
2.31097288739976702843 
2.32774063978990675139 
2.25879553534469446063 
2.31529612892152947268 
2.26862029778335472230 
2.25364271657307702057 
2.27969762166842437878 
2.25810568091658625534 
2.28952594955707722235 
2.28438586715388858295 
2.26316287237208646488 
2.33622625376525627772 
2.29780060548298603607 
2.29455687421808773863 
2.22247348111186671105 
2.28542902370153067082 
2.25253051236295132043 
2.27280256823540582900 
2.28420341638121415784 
2.25797885410180843024 
2.25285120391270465845 
2.25898810916543890670 
2.29146117015724115618 
2.23439211154329431253 
2.31866866334295718133 
2.27310412518470217336 
2.26792410180219050631 
2.24462614744862598570 
2.28800573602478118929 
2.29993223175157623928 
2.26749558837449693982 
2.21338404205211647380 
2.31864671868768024154 
2.29082257175208559019 
2.21783632755251236546 
2.28416192779993920681 
2.24240125197339823515 
2.28073045171733435055 
2.30951297777342201556 
2.28301853904262497252 
2.22089030953688215675 
2.33466857470491184756 
2.27986691547259212598 
2.26609252531775595685 
2.26903025830794646822 
2.23767281444939847290 
2.25357854497258358606 
2.25597049016099449048 
2.28152265746294791171 
2.25597453835483374718 
2.24851203407399724554 
2.19613300914093390048 
2.26400161463281346386 
2.21482833888724828242 
2.26235864127603658602 
2.23990553574038653295 
2.26785436612767909992 
2.31690859263546755642 
2.34315451099576499416 
2.29149278201245865105 
2.27168770809058129245 
2.32715796939716179637 
2.28046955963906228249 
2.30571392023013199690 
2.28223410194856590749 
2.31129679962538148175 
2.28782190498863435835 
2.22484341350634595713 
2.24526030780955121458 
2.25919639509434722058 
2.26454762425213607102 
2.27125708047653374066 
2.28773348818230548574 
2.23280229912653105373 
2.31721580576683816588 
2.28934186038687137454 
2.28731167952823399858 
2.26287270881954949431 
2.19527299825229249564 
2.25525715054180464492 
2.14658402773823064891 
2.20818410736561832053 
2.25895760572863313342 
2.24889800787947891081 
2.17773735065266649258 
2.22729486820700195437 
2.24194778058680288524 
2.09349672397402519763 
2.24352050043294193316 
2.21394741483988344299 
2.23178354747784535306 
2.17675314970279876192 
2.21265024118655073693 
2.08547161815033366139 
2.14814047933483731612 
2.20242350607598336154 
2.23304125356770599709 
2.13174161582751997557 
2.35000739849504869383 
2.21206663125637481571 
2.17162210471936845124 
2.22075796627209598455 
2.10625873790222195581 
2.29619733523395552766 
2.28215503407697273275 
2.16716476564256677051 
2.29694143374835624272 
2.20974009616269828626 
2.28119926628333358209 
2.29361530464005980434 
2.22257311200129237250 
2.19606215124718318066 
2.22984683450094323121 
2.20599051356245023925 
2.19785867971174742053 
2.16642598901533833811 
2.30379829780695466468 
2.08150585679202437817 
2.17626717260122548581 
2.18558374604465299740 
2.20787333406244457024 
2.17567427606307184362 
2.19554088499347610508 
2.25443879986676698479 
2.23349889254705535890 
2.27729212819328097339 
2.15373540163046861551 
2.20143792713185426635 
2.27759073947326040610 
2.17759128931292966769 
2.11928881145104730521 
2.17682166134632471000 
2.17647722942190080531 
2.22767799819024192587 
2.19179553385123293552 
2.16249535436061535165 
2.23302918357311863673 
2.22253367824639225248 
2.26908335767714097742 
2.20700513474678317039 
2.25368104819200354427 
2.21844025034556313614 
2.16211174236127323667 
2.08582580435267939123 
2.20467746073618009461 
2.25777942359234407022 
2.17730321380662639186 
2.32246114117043100933 
2.22586450683375591808 
2.13638544245162398383 
2.21041878476134545650 
2.19853316814561194903 
2.19725844283876226015 
2.13833136367897047592 
2.06972885002439621616 
2.14505313884123216539 
2.11692250054494879308 
2.19989515453586648164 
2.14005005181577034890 
2.03776839611848448186 
2.15131406934830105016 
2.14223029417775157057 
2.24551430481025482422 
2.16132102964936967382 
2.19906326627652237704 
2.21393774109938545891 
2.25062664029466530380 
2.21408856809513876485 
2.12476384395869244415 
2.15098512779870487677 
2.20297347935892018356 
2.15812198071295435753 
2.10152899443659757495 
2.17640056881835874947 
2.28747951904928603639 
2.11016520958625308779 
2.13955292173798516941 
2.14963252569780527423 
2.12272995996779201278 
2.13352959940878950107 
2.25720311361113123994 
2.08356217263291343400 
2.16445162610623587085 
2.19478203307927310917 
2.07271875591833154573 
2.04793507562024013069 
2.14157021466793384690 
2.20587767114339472485 
2.10709166756337484827 
2.11630737636362464826 
2.20254854696132085223 
2.36132031056816060754 
2.11473454156530626946 
2.05285872267023483673 
2.15885571526139408149 
2.12315043426717453556 
2.25555689407035320215 
2.13181816538139967676 
2.05044671644314080439 
2.10605450309534836251 
2.14016477342164668229 
2.23763842314942618117 
2.13040078171953028985 
2.08860479597167891797 
2.12476401944688841894 
2.05960518107357914985 
2.23330417475651232806 
2.22445385423063157759 
2.20636036555273973292 
2.04851378578666043495 
2.10886705616809733144 
2.10686177354979298215 
2.14229425439118958963 
2.05423385454860074617 
2.11091517543420126302 
2.10529873581922366554 
1.98347454855511617922 
2.02735022141160659004 
2.01828367212164438982 
2.11223150686492688877 
2.04323958326039045730 
2.05141189473909912877 
2.10081286426109858922 
1.97052620359683738904 
2.21887614178558978395 
1.96699551070002920383 
2.12355570775079227630 
2.18509571932771473612 
2.00575325725562070289 
2.22995653612207567207 
2.19924250387977560095 
2.12539112729833989945 
2.27337225919446206390 
2.27583921708347913793 
2.12145211483703466371 
2.07770061638943026594 
2.12296920015910517421 
2.23239619032647196306 
2.08695882527119414007 
2.06519807418658896125 
2.04645442077734251995 
2.13949558039130049991 
1.96021475005226886168 
2.09305622673832836256 
2.14047497041857681666 
2.07474228292530327167 
2.03672560455506213017 
2.21751554216794710683 
2.02225756816747237465 
2.10148143611735571668 
2.16509491854705737879 
2.12353894063996495589 
2.12700542645373147366 
2.04977539703440969632 
2.02368787683118611653 
2.09866022698808452063 
2.20132257405583464660 
2.05726834143480497019 
2.16503521336988402624 
2.12099682421625468365 
2.10436690238018409005 
2.12702882121627201428 
2.13092810240094099328 
2.17542619250127122754 
2.09292701496843003284 
2.14735222058951125135 
2.01600889052120857414 
2.07234396163944234459 
2.03786077747599359000 
2.12475795653821952769 
2.12731497089458621019 
2.10916329439434546700 
2.07727901694955008338 
1.98463374980445772522 
1.99907169702850850967 
2.19931215565451898541 
2.02770305955201202153 
2.25056926912305765853 
2.16212089032398369071 
2.08697321241856759144 
2.14474360748259407217 
2.09025501158949644775 
2.12416182393792185579 
2.00252332258850485047 
2.06293279367012205583 
2.09935654051221742833 
2.16960853275011000818 
2.12077190246717517397 
2.10415400083538983722 
2.01077218090014886442 
2.12115006290641483488 
2.08783562526004695670 
2.04405314450186637032 
2.05828128340407578989 
2.05626101645397030282 
2.00869422699593469517 
2.11655804911481215669 
2.04782811053073920959 
2.13313169734261087740 
2.04912484115723936284 
2.09677090511190611366 
2.08702475251282981716 
2.08992420431282299731 
1.93130807793156233920 
2.07192371932297625392 
1.87940811326225687417 
2.07803036498424198442 
2.07987815827942590374 
2.00082267369675514956 
2.09671793548996587830 
1.97960396319895215456 
2.02590512649165610526 
2.09431452800241846290 
2.03509278744617638779 
2.05242416052368703561 
2.16519867105161001319 
1.89388791269161305131 
2.02705903963033362558 
2.02039179241999100611 
1.97173741369823529723 
1.96127202815313461670 
1.93565338519574758891 
2.07954423199672566724 
1.82596684907988837665 
1.97710324838032236450 
2.06221428048448540693 
2.13451446436091929471 
2.15377136963335624742 
2.07419849900385777630 
1.95246331383193005848 
2.03737669156857093000 
2.01479532467350530567 
2.01071547405960959765 
2.07363925709763918803 
1.93999446764078897765 
2.05206340055715052983 
2.09427298099322234393 
1.96437202734251004088 
2.04803474278033492695 
2.07211735486741854828 
1.98372802750591636922 
1.99744896651296310885 
2.11750156813823053881 
1.98816626543112096037 
2.01480110152387892342 
2.08403945239812227186 
1.85057579731906218790 
2.16784481976520959634 
1.98689677065199710171 
2.08728700513805254246 
2.14083689713164027069 
2.01609204735420721732 
2.03211138085898479488 
1.94332887682800015128 
2.10061448622153923438 
2.15032270935350533492 
1.99825332035255409657 
2.05088541507494825922 
2.02514553327299040575 
1.96375963460208513567 
2.12596755570385065326 
2.00360591697992296289 
1.91880135620888547798 
2.05966991839055912905 
1.99704474201449855286 
1.99156579323595006592 
1.99326369813141246468 
1.99415792660108848189 
1.86030921688786321511 
1.91909398427977762047 
2.02056669611657957475 
1.93522778069781753452 
1.92579450381751904331 
1.89622585872524451744 
2.05230004543902699865 
2.02735937946892752493 
1.94577883685492447619 
2.09920351950812245079 
2.00997332781892312781 
2.07502923018890639284 
2.09330322008808966672 
2.02311679534114263745 
1.95817499388029636620 
1.97699038525735915073 
1.99171041631182887954 
1.87841965760353324377 
2.19540426597952187393 
2.02325149550780558627 
2.01751718088903064796 
1.98763245554103562540 
2.08070636740045467050 
1.91044641696629913241 
2.01421037986816431342 
1.93392345487199124321 
1.94259247729894668488 
1.96457978298092883485 
2.01586421809410198946 
2.00221062650583148113 
2.17081694225737953374 
1.95685397551224893320 
2.16033256592825440023 
1.93398405976446419174 
2.10690002552956467952 
1.97565084935403190158 
2.07191391464062979466 
1.88891658973499643182 
1.87775373444310211823 
2.00580382604598117524 
2.09747748165620073735 
2.01914683136106498651 
1.92670699811702306192 
2.12862074136687429160 
1.90419878635279071766 
1.96203539944078109158 
1.91902228923730300281 
1.99767816662543951090 
1.98805322756445534971 
1.98224422021981983022 
2.02325550696351053048 
1.97871863680485216008 
1.99186238644465252179 
1.97558483799799144975 
2.00725812315973595190 
2.04253796020052469373 
1.96826985478918015104 
2.09657938129171350639 
1.87633121815543213451 
1.92237239726260611405 
1.94300749336723899141 
1.96850166939943282962 
2.01508328233278533048 
2.03529235546403253210 
2.03816879662771777149 
1.92537665835168825268 
2.08922817757795664662 
1.89533572081662438080 
1.92039802841644657860 
2.03436862716954891539 
2.00183812669331695488 
1.95246860672778543844 
1.95794291065471104396 
1.92600723602794787759 
1.94565491392563316708 
1.87052544395110165176 
1.85980833371074405491 
1.98152173800029474116 
1.93574681964799499845 
1.98044880461779704284 
2.06502015313674514019 
2.08740191659101093080 
1.89869582113756663055 
1.93015152219719143822 
1.96685040956225942743 
1.92728940701591189288 
1.87314817820390011605 
1.97201374088251935035 
1.98420531987723824940 
1.89279116009364067885 
2.02873890845634585745 
1.83399436912957236601 
2.01622799432638455386 
1.81647118374349791914 
1.95321319453719777215 
2.01411035548389394378 
2.11570126925644474980 
2.21140829648825665288 
1.97910182115856470020 
2.16563080797555818080 
1.87761151937959769320 
2.14674426842362153778 
1.97657489036456190945 
1.93268013019964146615 
1.96540949301562362095 
